1.688984E+2	8.957716E+2	9.691186E-1	1.000000E-2	1.116356E-5	3.817353E+9
1.687130E+2	8.957371E+2	1.070260E+0	1.000000E-2	1.116399E-5	3.817353E+9
1.685256E+2	8.957652E+2	1.170631E+0	1.000000E-2	1.116364E-5	3.817353E+9
1.683388E+2	8.957868E+2	1.268530E+0	1.000000E-2	1.116337E-5	3.817353E+9
1.681428E+2	8.957243E+2	1.372587E+0	1.000000E-2	1.116415E-5	3.817353E+9
1.679551E+2	8.957700E+2	1.470475E+0	1.000000E-2	1.116358E-5	3.817353E+9
1.677595E+2	8.957844E+2	1.569843E+0	1.000000E-2	1.116340E-5	3.817353E+9
1.675723E+2	8.956561E+2	1.670680E+0	1.000000E-2	1.116500E-5	3.817353E+9
1.673729E+2	8.957772E+2	1.769596E+0	1.000000E-2	1.116349E-5	3.817353E+9
1.671699E+2	8.956962E+2	1.872449E+0	1.000000E-2	1.116450E-5	3.817353E+9
1.669710E+2	8.958214E+2	1.971696E+0	1.000000E-2	1.116294E-5	3.817353E+9
1.667712E+2	8.957363E+2	2.071538E+0	1.000000E-2	1.116400E-5	3.817353E+9
1.665685E+2	8.958061E+2	2.162272E+0	1.000000E-2	1.116313E-5	3.817353E+9
1.663831E+2	8.958013E+2	2.253437E+0	1.000000E-2	1.116319E-5	3.817353E+9
1.661574E+2	8.957211E+2	2.348734E+0	1.000000E-2	1.116419E-5	3.817353E+9
1.659535E+2	8.957772E+2	2.449683E+0	1.000000E-2	1.116349E-5	3.817353E+9
1.657402E+2	8.957034E+2	2.550455E+0	1.000000E-2	1.116441E-5	3.817353E+9
1.655263E+2	8.957034E+2	2.651812E+0	1.000000E-2	1.116441E-5	3.817353E+9
1.653178E+2	8.957828E+2	2.752396E+0	1.000000E-2	1.116342E-5	3.817353E+9
1.650997E+2	8.957780E+2	2.852445E+0	1.000000E-2	1.116348E-5	3.817353E+9
1.648874E+2	8.957259E+2	2.949698E+0	1.000000E-2	1.116413E-5	3.817353E+9
1.646726E+2	8.957917E+2	3.048871E+0	1.000000E-2	1.116331E-5	3.817353E+9
1.644484E+2	8.956448E+2	3.150682E+0	1.000000E-2	1.116514E-5	3.817353E+9
1.642243E+2	8.957042E+2	3.251389E+0	1.000000E-2	1.116440E-5	3.817353E+9
1.640024E+2	8.956858E+2	3.354523E+0	1.000000E-2	1.116463E-5	3.817353E+9
1.637764E+2	8.956833E+2	3.455915E+0	1.000000E-2	1.116466E-5	3.817353E+9
1.635523E+2	8.956809E+2	3.560539E+0	1.000000E-2	1.116469E-5	3.817353E+9
1.633244E+2	8.957796E+2	3.662223E+0	1.000000E-2	1.116346E-5	3.817353E+9
1.630916E+2	8.957868E+2	3.760942E+0	1.000000E-2	1.116337E-5	3.817353E+9
1.628635E+2	8.957363E+2	3.854471E+0	1.000000E-2	1.116400E-5	3.817353E+9
1.626260E+2	8.957010E+2	3.948647E+0	1.000000E-2	1.116444E-5	3.817353E+9
1.623881E+2	8.957419E+2	4.043336E+0	1.000000E-2	1.116393E-5	3.817353E+9
1.621547E+2	8.958061E+2	4.133702E+0	1.000000E-2	1.116313E-5	3.817353E+9
1.619139E+2	8.958053E+2	4.230358E+0	1.000000E-2	1.116314E-5	3.817353E+9
1.616728E+2	8.957251E+2	4.332592E+0	1.000000E-2	1.116414E-5	3.817353E+9
1.614238E+2	8.958005E+2	4.434611E+0	1.000000E-2	1.116320E-5	3.817353E+9
1.611776E+2	8.957283E+2	4.538778E+0	1.000000E-2	1.116410E-5	3.817353E+9
1.609331E+2	8.954812E+2	4.639999E+0	1.000000E-2	1.116718E-5	3.817353E+9
1.606729E+2	8.957411E+2	4.743491E+0	1.000000E-2	1.116394E-5	3.817353E+9
1.604230E+2	8.958037E+2	4.844224E+0	1.000000E-2	1.116316E-5	3.817353E+9
1.601676E+2	8.957740E+2	4.946747E+0	1.000000E-2	1.116353E-5	3.817353E+9
1.599103E+2	8.957852E+2	5.041503E+0	1.000000E-2	1.116339E-5	3.817353E+9
1.596452E+2	8.957355E+2	5.135870E+0	1.000000E-2	1.116401E-5	3.817353E+9
1.593824E+2	8.957130E+2	5.237372E+0	1.000000E-2	1.116429E-5	3.817353E+9
1.591167E+2	8.957130E+2	5.336534E+0	1.000000E-2	1.116429E-5	3.817353E+9
1.588477E+2	8.956617E+2	5.439701E+0	1.000000E-2	1.116493E-5	3.817353E+9
1.585784E+2	8.957395E+2	5.542829E+0	1.000000E-2	1.116396E-5	3.817353E+9
1.582978E+2	8.958045E+2	5.646480E+0	1.000000E-2	1.116315E-5	3.817353E+9
1.580215E+2	8.957796E+2	5.748671E+0	1.000000E-2	1.116346E-5	3.817353E+9
1.577406E+2	8.957355E+2	5.851786E+0	1.000000E-2	1.116401E-5	3.817353E+9
1.574546E+2	8.957339E+2	5.953452E+0	1.000000E-2	1.116403E-5	3.817353E+9
1.571687E+2	8.957732E+2	6.055622E+0	1.000000E-2	1.116354E-5	3.817353E+9
1.568779E+2	8.957291E+2	6.159158E+0	1.000000E-2	1.116409E-5	3.817353E+9
1.565825E+2	8.957058E+2	6.261600E+0	1.000000E-2	1.116438E-5	3.817353E+9
1.562719E+2	8.957724E+2	6.365540E+0	1.000000E-2	1.116355E-5	3.817353E+9
1.559736E+2	8.958133E+2	6.492874E+0	1.000000E-2	1.116304E-5	3.817353E+9
1.556760E+2	8.957243E+2	6.596329E+0	1.000000E-2	1.116415E-5	3.817353E+9
1.553674E+2	8.958141E+2	6.699009E+0	1.000000E-2	1.116303E-5	3.817353E+9
1.550481E+2	8.957812E+2	6.803080E+0	1.000000E-2	1.116344E-5	3.817353E+9
1.547301E+2	8.957170E+2	6.908722E+0	1.000000E-2	1.116424E-5	3.817353E+9
1.544106E+2	8.958254E+2	7.018515E+0	1.000000E-2	1.116289E-5	3.817353E+9
1.540879E+2	8.957772E+2	7.118951E+0	1.000000E-2	1.116349E-5	3.817353E+9
1.537560E+2	8.957604E+2	7.222561E+0	1.000000E-2	1.116370E-5	3.817353E+9
1.534238E+2	8.957227E+2	7.318390E+0	1.000000E-2	1.116417E-5	3.817353E+9
1.530770E+2	8.957556E+2	7.421270E+0	1.000000E-2	1.116376E-5	3.817353E+9
1.527319E+2	8.957716E+2	7.522570E+0	1.000000E-2	1.116356E-5	3.817353E+9
1.523833E+2	8.957820E+2	7.624695E+0	1.000000E-2	1.116343E-5	3.817353E+9
1.520240E+2	8.957227E+2	7.728276E+0	1.000000E-2	1.116417E-5	3.817353E+9
1.516661E+2	8.957820E+2	7.832086E+0	1.000000E-2	1.116343E-5	3.817353E+9
1.512971E+2	8.957403E+2	7.937497E+0	1.000000E-2	1.116395E-5	3.817353E+9
1.509301E+2	8.958262E+2	8.038986E+0	1.000000E-2	1.116288E-5	3.817353E+9
1.505412E+2	8.957876E+2	8.142515E+0	1.000000E-2	1.116336E-5	3.817353E+9
1.501589E+2	8.957515E+2	8.244756E+0	1.000000E-2	1.116381E-5	3.817353E+9
1.497652E+2	8.957708E+2	8.348391E+0	1.000000E-2	1.116357E-5	3.817353E+9
1.493686E+2	8.957844E+2	8.452251E+0	1.000000E-2	1.116340E-5	3.817353E+9
1.489686E+2	8.957523E+2	8.556671E+0	1.000000E-2	1.116380E-5	3.817353E+9
1.485525E+2	8.957227E+2	8.659557E+0	1.000000E-2	1.116417E-5	3.817353E+9
1.481194E+2	8.957764E+2	8.763566E+0	1.000000E-2	1.116350E-5	3.817353E+9
1.476926E+2	8.957475E+2	8.866493E+0	1.000000E-2	1.116386E-5	3.817353E+9
1.472572E+2	8.957628E+2	8.969071E+0	1.000000E-2	1.116367E-5	3.817353E+9
1.468122E+2	8.958406E+2	9.071967E+0	1.000000E-2	1.116270E-5	3.817353E+9
1.463548E+2	8.957925E+2	9.175496E+0	1.000000E-2	1.116330E-5	3.817353E+9
1.458930E+2	8.958133E+2	9.276570E+0	1.000000E-2	1.116304E-5	3.817353E+9
1.454149E+2	8.956898E+2	9.377482E+0	1.000000E-2	1.116458E-5	3.817353E+9
1.449201E+2	8.957812E+2	9.482384E+0	1.000000E-2	1.116344E-5	3.817353E+9
1.444196E+2	8.958077E+2	9.586854E+0	1.000000E-2	1.116311E-5	3.817353E+9
1.439138E+2	8.958013E+2	9.690741E+0	1.000000E-2	1.116319E-5	3.817353E+9
1.433951E+2	8.957724E+2	9.793999E+0	1.000000E-2	1.116355E-5	3.817353E+9
1.428598E+2	8.957628E+2	9.898582E+0	1.000000E-2	1.116367E-5	3.817353E+9
1.423199E+2	8.956938E+2	1.000024E+1	1.000000E-2	1.116453E-5	3.817353E+9
1.417537E+2	8.957572E+2	1.010410E+1	1.000000E-2	1.116374E-5	3.817353E+9
1.411782E+2	8.956946E+2	1.020776E+1	1.000000E-2	1.116452E-5	3.817353E+9
1.405923E+2	8.957860E+2	1.031188E+1	1.000000E-2	1.116338E-5	3.817353E+9
1.399934E+2	8.956665E+2	1.041008E+1	1.000000E-2	1.116487E-5	3.817353E+9
1.393633E+2	8.957828E+2	1.051561E+1	1.000000E-2	1.116342E-5	3.817353E+9
1.387585E+2	8.958149E+2	1.062000E+1	1.000000E-2	1.116302E-5	3.817353E+9
1.380812E+2	8.956978E+2	1.071934E+1	1.000000E-2	1.116448E-5	3.817353E+9
1.373988E+2	8.957989E+2	1.082482E+1	1.000000E-2	1.116322E-5	3.817353E+9
1.367192E+2	8.957114E+2	1.093129E+1	1.000000E-2	1.116431E-5	3.817353E+9
1.359972E+2	8.958238E+2	1.103356E+1	1.000000E-2	1.116291E-5	3.817353E+9
1.352795E+2	8.957564E+2	1.113726E+1	1.000000E-2	1.116375E-5	3.817353E+9
1.345299E+2	8.957580E+2	1.124164E+1	1.000000E-2	1.116373E-5	3.817353E+9
1.337563E+2	8.957684E+2	1.134337E+1	1.000000E-2	1.116360E-5	3.817353E+9
1.329670E+2	8.957949E+2	1.144724E+1	1.000000E-2	1.116327E-5	3.817353E+9
1.321516E+2	8.957130E+2	1.155267E+1	1.000000E-2	1.116429E-5	3.817353E+9
1.313176E+2	8.957620E+2	1.165846E+1	1.000000E-2	1.116368E-5	3.817353E+9
1.304815E+2	8.954820E+2	1.175940E+1	1.000000E-2	1.116717E-5	3.817353E+9
1.295924E+2	8.957275E+2	1.186264E+1	1.000000E-2	1.116411E-5	3.817353E+9
1.286992E+2	8.956994E+2	1.196579E+1	1.000000E-2	1.116446E-5	3.817353E+9
1.277918E+2	8.956448E+2	1.206990E+1	1.000000E-2	1.116514E-5	3.817353E+9
1.268520E+2	8.957138E+2	1.217364E+1	1.000000E-2	1.116428E-5	3.817353E+9
1.259103E+2	8.952239E+2	1.227507E+1	1.000000E-2	1.117039E-5	3.817353E+9
1.249315E+2	8.955181E+2	1.237602E+1	1.000000E-2	1.116672E-5	3.817353E+9
1.239265E+2	8.957443E+2	1.248125E+1	1.000000E-2	1.116390E-5	3.817353E+9
1.229236E+2	8.956160E+2	1.258371E+1	1.000000E-2	1.116550E-5	3.817353E+9
1.219678E+2	8.956063E+2	1.268879E+1	1.000000E-2	1.116562E-5	3.817353E+9
1.208481E+2	8.956657E+2	1.279133E+1	1.000000E-2	1.116488E-5	3.817353E+9
1.197851E+2	8.955847E+2	1.289291E+1	1.000000E-2	1.116589E-5	3.817353E+9
1.187117E+2	8.954171E+2	1.299467E+1	1.000000E-2	1.116798E-5	3.817353E+9
1.176209E+2	8.954508E+2	1.309594E+1	1.000000E-2	1.116756E-5	3.817353E+9
1.165113E+2	8.956232E+2	1.320193E+1	1.000000E-2	1.116541E-5	3.817353E+9
1.154122E+2	8.954933E+2	1.330286E+1	1.000000E-2	1.116703E-5	3.817353E+9
1.142851E+2	8.954123E+2	1.340945E+1	1.000000E-2	1.116804E-5	3.817353E+9
1.131328E+2	8.955109E+2	1.351253E+1	1.000000E-2	1.116681E-5	3.817353E+9
1.119784E+2	8.953433E+2	1.361535E+1	1.000000E-2	1.116890E-5	3.817353E+9
1.108066E+2	8.955638E+2	1.371940E+1	1.000000E-2	1.116615E-5	3.817353E+9
1.096231E+2	8.956673E+2	1.382401E+1	1.000000E-2	1.116486E-5	3.817353E+9
1.084375E+2	8.956577E+2	1.392809E+1	1.000000E-2	1.116498E-5	3.817353E+9
1.072481E+2	8.956384E+2	1.403224E+1	1.000000E-2	1.116522E-5	3.817353E+9
1.060319E+2	8.957178E+2	1.413767E+1	1.000000E-2	1.116423E-5	3.817353E+9
1.048305E+2	8.957122E+2	1.424255E+1	1.000000E-2	1.116430E-5	3.817353E+9
1.036050E+2	8.954652E+2	1.434606E+1	1.000000E-2	1.116738E-5	3.817353E+9
1.023835E+2	8.954475E+2	1.444269E+1	1.000000E-2	1.116760E-5	3.817353E+9
1.011513E+2	8.952936E+2	1.454063E+1	1.000000E-2	1.116952E-5	3.817353E+9
9.994135E+1	8.946568E+2	1.464439E+1	1.000000E-2	1.117747E-5	3.817353E+9
9.875917E+1	8.954299E+2	1.474860E+1	1.000000E-2	1.116782E-5	3.817353E+9
9.733278E+1	8.957162E+2	1.485478E+1	1.000000E-2	1.116425E-5	3.817353E+9
9.619433E+1	8.950660E+2	1.495730E+1	1.000000E-2	1.117236E-5	3.817353E+9
9.483925E+1	8.956464E+2	1.506263E+1	1.000000E-2	1.116512E-5	3.817353E+9
9.355727E+1	8.956440E+2	1.516957E+1	1.000000E-2	1.116515E-5	3.817353E+9
9.229572E+1	8.955887E+2	1.527483E+1	1.000000E-2	1.116584E-5	3.817353E+9
9.098982E+1	8.955366E+2	1.538028E+1	1.000000E-2	1.116649E-5	3.817353E+9
8.969003E+1	8.955718E+2	1.548577E+1	1.000000E-2	1.116605E-5	3.817353E+9
8.837801E+1	8.956240E+2	1.559029E+1	1.000000E-2	1.116540E-5	3.817353E+9
8.706668E+1	8.955558E+2	1.569259E+1	1.000000E-2	1.116625E-5	3.817353E+9
8.571811E+1	8.956938E+2	1.579766E+1	1.000000E-2	1.116453E-5	3.817353E+9
8.439818E+1	8.956761E+2	1.590257E+1	1.000000E-2	1.116475E-5	3.817353E+9
8.307708E+1	8.955646E+2	1.600302E+1	1.000000E-2	1.116614E-5	3.817353E+9
8.174267E+1	8.955406E+2	1.610310E+1	1.000000E-2	1.116644E-5	3.817353E+9
8.040940E+1	8.955173E+2	1.620528E+1	1.000000E-2	1.116673E-5	3.817353E+9
7.902965E+1	8.956785E+2	1.630645E+1	1.000000E-2	1.116472E-5	3.817353E+9
7.768416E+1	8.956440E+2	1.640789E+1	1.000000E-2	1.116515E-5	3.817353E+9
7.633395E+1	8.956416E+2	1.650154E+1	1.000000E-2	1.116518E-5	3.817353E+9
7.494338E+1	8.958165E+2	1.659807E+1	1.000000E-2	1.116300E-5	3.817353E+9
7.360183E+1	8.955823E+2	1.669945E+1	1.000000E-2	1.116592E-5	3.817353E+9
7.211260E+1	8.957395E+2	1.680452E+1	1.000000E-2	1.116396E-5	3.817353E+9
7.087216E+1	8.956785E+2	1.691039E+1	1.000000E-2	1.116472E-5	3.817353E+9
6.944536E+1	8.956152E+2	1.701240E+1	1.000000E-2	1.116551E-5	3.817353E+9
6.803920E+1	8.957130E+2	1.711364E+1	1.000000E-2	1.116429E-5	3.817353E+9
6.665278E+1	8.956456E+2	1.721606E+1	1.000000E-2	1.116513E-5	3.817353E+9
6.523753E+1	8.957267E+2	1.732153E+1	1.000000E-2	1.116412E-5	3.817353E+9
6.385473E+1	8.956280E+2	1.742454E+1	1.000000E-2	1.116535E-5	3.817353E+9
6.244364E+1	8.956480E+2	1.752892E+1	1.000000E-2	1.116510E-5	3.817353E+9
6.102708E+1	8.955654E+2	1.763205E+1	1.000000E-2	1.116613E-5	3.817353E+9
5.960159E+1	8.956376E+2	1.773311E+1	1.000000E-2	1.116523E-5	3.817353E+9
5.817166E+1	8.956280E+2	1.783445E+1	1.000000E-2	1.116535E-5	3.817353E+9
5.672934E+1	8.957483E+2	1.794008E+1	1.000000E-2	1.116385E-5	3.817353E+9
5.528802E+1	8.957820E+2	1.804402E+1	1.000000E-2	1.116343E-5	3.817353E+9
5.384982E+1	8.957572E+2	1.814836E+1	1.000000E-2	1.116374E-5	3.817353E+9
5.239063E+1	8.957716E+2	1.825249E+1	1.000000E-2	1.116356E-5	3.817353E+9
5.095699E+1	8.957098E+2	1.835555E+1	1.000000E-2	1.116433E-5	3.817353E+9
4.950401E+1	8.956553E+2	1.846053E+1	1.000000E-2	1.116501E-5	3.817353E+9
4.802825E+1	8.958679E+2	1.856359E+1	1.000000E-2	1.116236E-5	3.817353E+9
4.656865E+1	8.958382E+2	1.866678E+1	1.000000E-2	1.116273E-5	3.817353E+9
4.509884E+1	8.958414E+2	1.877058E+1	1.000000E-2	1.116269E-5	3.817353E+9
4.361352E+1	8.959273E+2	1.887580E+1	1.000000E-2	1.116162E-5	3.817353E+9
4.204553E+1	8.957644E+2	1.897837E+1	1.000000E-2	1.116365E-5	3.817353E+9
4.073496E+1	8.957981E+2	1.908395E+1	1.000000E-2	1.116323E-5	3.817353E+9
3.920991E+1	8.957475E+2	1.918508E+1	1.000000E-2	1.116386E-5	3.817353E+9
3.770466E+1	8.958735E+2	1.929145E+1	1.000000E-2	1.116229E-5	3.817353E+9
3.622814E+1	8.957547E+2	1.939405E+1	1.000000E-2	1.116377E-5	3.817353E+9
3.469138E+1	8.959787E+2	1.949851E+1	1.000000E-2	1.116098E-5	3.817353E+9
3.321471E+1	8.959241E+2	1.959494E+1	1.000000E-2	1.116166E-5	3.817353E+9
3.171308E+1	8.959755E+2	1.969270E+1	1.000000E-2	1.116102E-5	3.817353E+9
3.022582E+1	8.959008E+2	1.979651E+1	1.000000E-2	1.116195E-5	3.817353E+9
2.869699E+1	8.959610E+2	1.990036E+1	1.000000E-2	1.116120E-5	3.817353E+9
2.720385E+1	8.958848E+2	2.000458E+1	1.000000E-2	1.116215E-5	3.817353E+9
2.568258E+1	8.959233E+2	2.010785E+1	1.000000E-2	1.116167E-5	3.817353E+9
2.417986E+1	8.958743E+2	2.020981E+1	1.000000E-2	1.116228E-5	3.817353E+9
2.263220E+1	8.960011E+2	2.031459E+1	1.000000E-2	1.116070E-5	3.817353E+9
2.114288E+1	8.958920E+2	2.041552E+1	1.000000E-2	1.116206E-5	3.817353E+9
1.960805E+1	8.960140E+2	2.051866E+1	1.000000E-2	1.116054E-5	3.817353E+9
1.809303E+1	8.960172E+2	2.062417E+1	1.000000E-2	1.116050E-5	3.817353E+9
1.656664E+1	8.960598E+2	2.072385E+1	1.000000E-2	1.115997E-5	3.817353E+9
1.504671E+1	8.959747E+2	2.082858E+1	1.000000E-2	1.116103E-5	3.817353E+9
1.360301E+1	8.955638E+2	2.093023E+1	1.000000E-2	1.116615E-5	3.817353E+9
1.200342E+1	8.960405E+2	2.103376E+1	1.000000E-2	1.116021E-5	3.817353E+9
1.054898E+1	8.960943E+2	2.113893E+1	1.000000E-2	1.115954E-5	3.817353E+9
8.936702E+0	8.961224E+2	2.124262E+1	1.000000E-2	1.115919E-5	3.817353E+9
7.385669E+0	8.962164E+2	2.134868E+1	1.000000E-2	1.115802E-5	3.817353E+9
5.879762E+0	8.960991E+2	2.145225E+1	1.000000E-2	1.115948E-5	3.817353E+9
5.039709E+0	8.964895E+2	2.155651E+1	1.000000E-2	1.115462E-5	3.817353E+9
2.811174E+0	8.962284E+2	2.166380E+1	1.000000E-2	1.115787E-5	3.817353E+9
1.261140E+0	8.963417E+2	2.176941E+1	1.000000E-2	1.115646E-5	3.817353E+9
-2.701560E-1	8.963835E+2	2.187332E+1	1.000000E-2	1.115594E-5	3.817353E+9
-1.790803E+0	8.963955E+2	2.197590E+1	1.000000E-2	1.115579E-5	3.817353E+9
-3.372941E+0	8.966286E+2	2.208271E+1	1.000000E-2	1.115289E-5	3.817353E+9
-4.360149E+0	8.958230E+2	2.219059E+1	1.000000E-2	1.116292E-5	3.817353E+9
-6.405271E+0	8.966760E+2	2.229597E+1	1.000000E-2	1.115230E-5	3.817353E+9
-7.967766E+0	8.971506E+2	2.239794E+1	1.000000E-2	1.114640E-5	3.817353E+9
-9.503028E+0	8.977112E+2	2.250303E+1	1.000000E-2	1.113944E-5	3.817353E+9
-1.103826E+1	8.990776E+2	2.260862E+1	1.000000E-2	1.112251E-5	3.817353E+9
-1.255357E+1	9.042409E+2	2.270982E+1	1.000000E-2	1.105900E-5	3.817353E+9
-1.408989E+1	9.079906E+2	2.281470E+1	1.000000E-2	1.101333E-5	3.817353E+9
-1.562069E+1	9.094787E+2	2.292101E+1	1.000000E-2	1.099531E-5	3.817353E+9
-1.711897E+1	9.101450E+2	2.302574E+1	1.000000E-2	1.098726E-5	3.817353E+9
-1.862366E+1	9.107510E+2	2.312894E+1	1.000000E-2	1.097995E-5	3.817353E+9
-2.009897E+1	9.110505E+2	2.323219E+1	1.000000E-2	1.097634E-5	3.817353E+9
-2.163327E+1	9.110870E+2	2.333047E+1	1.000000E-2	1.097590E-5	3.817353E+9
-2.315891E+1	9.111476E+2	2.343654E+1	1.000000E-2	1.097517E-5	3.817353E+9
-2.465733E+1	9.112066E+2	2.354248E+1	1.000000E-2	1.097446E-5	3.817353E+9
-2.615514E+1	9.111933E+2	2.364955E+1	1.000000E-2	1.097462E-5	3.817353E+9
-2.766598E+1	9.110995E+2	2.375375E+1	1.000000E-2	1.097575E-5	3.817353E+9
-2.913254E+1	9.110538E+2	2.385866E+1	1.000000E-2	1.097630E-5	3.817353E+9
-3.063295E+1	9.110065E+2	2.396460E+1	1.000000E-2	1.097687E-5	3.817353E+9
-3.209536E+1	9.108256E+2	2.406819E+1	1.000000E-2	1.097905E-5	3.817353E+9
-3.356832E+1	9.106813E+2	2.417247E+1	1.000000E-2	1.098079E-5	3.817353E+9
-3.506819E+1	9.106979E+2	2.427842E+1	1.000000E-2	1.098059E-5	3.817353E+9
-3.654974E+1	9.105950E+2	2.438377E+1	1.000000E-2	1.098183E-5	3.817353E+9
-3.801508E+1	9.104632E+2	2.448966E+1	1.000000E-2	1.098342E-5	3.817353E+9
-3.946518E+1	9.102817E+2	2.459685E+1	1.000000E-2	1.098561E-5	3.817353E+9
-4.094701E+1	9.101823E+2	2.470117E+1	1.000000E-2	1.098681E-5	3.817353E+9
-4.240004E+1	9.099736E+2	2.480460E+1	1.000000E-2	1.098933E-5	3.817353E+9
-4.385595E+1	9.098635E+2	2.490431E+1	1.000000E-2	1.099066E-5	3.817353E+9
-4.529478E+1	9.096433E+2	2.500766E+1	1.000000E-2	1.099332E-5	3.817353E+9
-4.674232E+1	9.094588E+2	2.511078E+1	1.000000E-2	1.099555E-5	3.817353E+9
-4.818705E+1	9.091876E+2	2.521410E+1	1.000000E-2	1.099883E-5	3.817353E+9
-4.956950E+1	9.089719E+2	2.531059E+1	1.000000E-2	1.100144E-5	3.817353E+9
-5.104671E+1	9.087761E+2	2.540528E+1	1.000000E-2	1.100381E-5	3.817353E+9
-5.247429E+1	9.082784E+2	2.550546E+1	1.000000E-2	1.100984E-5	3.817353E+9
-5.390299E+1	9.080706E+2	2.561129E+1	1.000000E-2	1.101236E-5	3.817353E+9
-5.530569E+1	9.076881E+2	2.571796E+1	1.000000E-2	1.101700E-5	3.817353E+9
-5.674701E+1	9.074073E+2	2.582575E+1	1.000000E-2	1.102041E-5	3.817353E+9
-5.813490E+1	9.069957E+2	2.593263E+1	1.000000E-2	1.102541E-5	3.817353E+9
-5.952317E+1	9.064753E+2	2.603665E+1	1.000000E-2	1.103174E-5	3.817353E+9
-6.093722E+1	9.061977E+2	2.614259E+1	1.000000E-2	1.103512E-5	3.817353E+9
-6.231587E+1	9.056601E+2	2.624804E+1	1.000000E-2	1.104167E-5	3.817353E+9
-6.368964E+1	9.050650E+2	2.635337E+1	1.000000E-2	1.104893E-5	3.817353E+9
-6.507719E+1	9.047047E+2	2.645967E+1	1.000000E-2	1.105333E-5	3.817353E+9
-6.643729E+1	9.040749E+2	2.656419E+1	1.000000E-2	1.106103E-5	3.817353E+9
-6.780984E+1	9.036370E+2	2.666878E+1	1.000000E-2	1.106639E-5	3.817353E+9
-6.915710E+1	9.030829E+2	2.677337E+1	1.000000E-2	1.107318E-5	3.817353E+9
-7.049664E+1	9.024896E+2	2.687562E+1	1.000000E-2	1.108046E-5	3.817353E+9
-7.186014E+1	9.020606E+2	2.698208E+1	1.000000E-2	1.108573E-5	3.817353E+9
-7.321206E+1	9.015458E+2	2.708659E+1	1.000000E-2	1.109206E-5	3.817353E+9
-7.452790E+1	9.009285E+2	2.718871E+1	1.000000E-2	1.109966E-5	3.817353E+9
-7.586357E+1	9.006056E+2	2.729465E+1	1.000000E-2	1.110364E-5	3.817353E+9
-7.712819E+1	9.002067E+2	2.739948E+1	1.000000E-2	1.110856E-5	3.817353E+9
-7.849172E+1	8.997693E+2	2.750468E+1	1.000000E-2	1.111396E-5	3.817353E+9
-7.981616E+1	8.993946E+2	2.761800E+1	1.000000E-2	1.111859E-5	3.817353E+9
-8.110217E+1	8.990776E+2	2.772233E+1	1.000000E-2	1.112251E-5	3.817353E+9
-8.238147E+1	8.987480E+2	2.782457E+1	1.000000E-2	1.112659E-5	3.817353E+9
-8.368799E+1	8.985864E+2	2.792904E+1	1.000000E-2	1.112859E-5	3.817353E+9
-8.495212E+1	8.983047E+2	2.802729E+1	1.000000E-2	1.113208E-5	3.817353E+9
-8.622124E+1	8.981288E+2	2.813279E+1	1.000000E-2	1.113426E-5	3.817353E+9
-8.709875E+1	8.974461E+2	2.824052E+1	1.000000E-2	1.114273E-5	3.817353E+9
-8.869979E+1	8.978966E+2	2.834850E+1	1.000000E-2	1.113714E-5	3.817353E+9
-8.995664E+1	8.976935E+2	2.845307E+1	1.000000E-2	1.113966E-5	3.817353E+9
-9.121918E+1	8.976193E+2	2.855818E+1	1.000000E-2	1.114058E-5	3.817353E+9
-9.244557E+1	8.973447E+2	2.866163E+1	1.000000E-2	1.114399E-5	3.817353E+9
-9.367472E+1	8.974413E+2	2.876812E+1	1.000000E-2	1.114279E-5	3.817353E+9
-9.489333E+1	8.969913E+2	2.887050E+1	1.000000E-2	1.114838E-5	3.817353E+9
-9.610944E+1	8.972046E+2	2.897101E+1	1.000000E-2	1.114573E-5	3.817353E+9
-9.732189E+1	8.972569E+2	2.907628E+1	1.000000E-2	1.114508E-5	3.817353E+9
-9.850382E+1	8.970661E+2	2.918135E+1	1.000000E-2	1.114745E-5	3.817353E+9
-9.970191E+1	8.967460E+2	2.928291E+1	1.000000E-2	1.115143E-5	3.817353E+9
-1.010074E+2	8.970509E+2	2.938701E+1	1.000000E-2	1.114764E-5	3.817353E+9
-1.021018E+2	8.969036E+2	2.956431E+1	1.000000E-2	1.114947E-5	3.817353E+9
-1.032206E+2	8.969149E+2	2.966865E+1	1.000000E-2	1.114933E-5	3.817353E+9
-1.043699E+2	8.969012E+2	2.977259E+1	1.000000E-2	1.114950E-5	3.817353E+9
-1.055121E+2	8.967798E+2	2.987851E+1	1.000000E-2	1.115101E-5	3.817353E+9
-1.066517E+2	8.967806E+2	2.998207E+1	1.000000E-2	1.115100E-5	3.817353E+9
-1.077786E+2	8.967878E+2	3.008700E+1	1.000000E-2	1.115091E-5	3.817353E+9
-1.088953E+2	8.967243E+2	3.019049E+1	1.000000E-2	1.115170E-5	3.817353E+9
-1.099986E+2	8.967516E+2	3.029284E+1	1.000000E-2	1.115136E-5	3.817353E+9
-1.110973E+2	8.965144E+2	3.039762E+1	1.000000E-2	1.115431E-5	3.817353E+9
-1.121679E+2	8.961987E+2	3.050275E+1	1.000000E-2	1.115824E-5	3.817353E+9
-1.132448E+2	8.963457E+2	3.060484E+1	1.000000E-2	1.115641E-5	3.817353E+9
-1.143370E+2	8.967508E+2	3.071293E+1	1.000000E-2	1.115137E-5	3.817353E+9
-1.153772E+2	8.966004E+2	3.082060E+1	1.000000E-2	1.115324E-5	3.817353E+9
-1.164180E+2	8.966543E+2	3.092575E+1	1.000000E-2	1.115257E-5	3.817353E+9
-1.174434E+2	8.966230E+2	3.102790E+1	1.000000E-2	1.115296E-5	3.817353E+9
-1.184392E+2	8.965771E+2	3.113160E+1	1.000000E-2	1.115353E-5	3.817353E+9
-1.194546E+2	8.966029E+2	3.123866E+1	1.000000E-2	1.115321E-5	3.817353E+9
-1.204508E+2	8.965619E+2	3.134606E+1	1.000000E-2	1.115372E-5	3.817353E+9
-1.214135E+2	8.964534E+2	3.145054E+1	1.000000E-2	1.115507E-5	3.817353E+9
-1.223727E+2	8.965578E+2	3.155413E+1	1.000000E-2	1.115377E-5	3.817353E+9
-1.232608E+2	8.963087E+2	3.165902E+1	1.000000E-2	1.115687E-5	3.817353E+9
-1.242433E+2	8.965257E+2	3.176496E+1	1.000000E-2	1.115417E-5	3.817353E+9
-1.251613E+2	8.965305E+2	3.187198E+1	1.000000E-2	1.115411E-5	3.817353E+9
-1.260713E+2	8.965595E+2	3.197502E+1	1.000000E-2	1.115375E-5	3.817353E+9
-1.269493E+2	8.964317E+2	3.207894E+1	1.000000E-2	1.115534E-5	3.817353E+9
-1.278067E+2	8.963650E+2	3.218453E+1	1.000000E-2	1.115617E-5	3.817353E+9
-1.286556E+2	8.964389E+2	3.228695E+1	1.000000E-2	1.115525E-5	3.817353E+9
-1.294985E+2	8.964437E+2	3.239260E+1	1.000000E-2	1.115519E-5	3.817353E+9
-1.303156E+2	8.965466E+2	3.249361E+1	1.000000E-2	1.115391E-5	3.817353E+9
-1.311093E+2	8.965386E+2	3.259724E+1	1.000000E-2	1.115401E-5	3.817353E+9
-1.318942E+2	8.964968E+2	3.270638E+1	1.000000E-2	1.115453E-5	3.817353E+9
-1.326624E+2	8.964662E+2	3.280852E+1	1.000000E-2	1.115491E-5	3.817353E+9
-1.334141E+2	8.965474E+2	3.291281E+1	1.000000E-2	1.115390E-5	3.817353E+9
-1.341455E+2	8.965241E+2	3.301714E+1	1.000000E-2	1.115419E-5	3.817353E+9
-1.348660E+2	8.964823E+2	3.311660E+1	1.000000E-2	1.115471E-5	3.817353E+9
-1.355672E+2	8.965378E+2	3.322070E+1	1.000000E-2	1.115402E-5	3.817353E+9
-1.362716E+2	8.965273E+2	3.332866E+1	1.000000E-2	1.115415E-5	3.817353E+9
-1.369346E+2	8.964148E+2	3.343558E+1	1.000000E-2	1.115555E-5	3.817353E+9
-1.375935E+2	8.965321E+2	3.353836E+1	1.000000E-2	1.115409E-5	3.817353E+9
-1.382480E+2	8.963144E+2	3.364219E+1	1.000000E-2	1.115680E-5	3.817353E+9
-1.388612E+2	8.964831E+2	3.375934E+1	1.000000E-2	1.115470E-5	3.817353E+9
-1.394777E+2	8.964718E+2	3.386580E+1	1.000000E-2	1.115484E-5	3.817353E+9
-1.400763E+2	8.964493E+2	3.397157E+1	1.000000E-2	1.115512E-5	3.817353E+9
-1.406814E+2	8.964550E+2	3.407863E+1	1.000000E-2	1.115505E-5	3.817353E+9
-1.412527E+2	8.964847E+2	3.418469E+1	1.000000E-2	1.115468E-5	3.817353E+9
-1.418200E+2	8.964542E+2	3.428854E+1	1.000000E-2	1.115506E-5	3.817353E+9
-1.423688E+2	8.964694E+2	3.439571E+1	1.000000E-2	1.115487E-5	3.817353E+9
-1.429093E+2	8.961617E+2	3.450008E+1	1.000000E-2	1.115870E-5	3.817353E+9
-1.434397E+2	8.964871E+2	3.460385E+1	1.000000E-2	1.115465E-5	3.817353E+9
-1.439692E+2	8.964148E+2	3.470618E+1	1.000000E-2	1.115555E-5	3.817353E+9
-1.444840E+2	8.963569E+2	3.481196E+1	1.000000E-2	1.115627E-5	3.817353E+9
-1.449812E+2	8.964164E+2	3.491584E+1	1.000000E-2	1.115553E-5	3.817353E+9
-1.454706E+2	8.963907E+2	3.502220E+1	1.000000E-2	1.115585E-5	3.817353E+9
-1.459529E+2	8.962115E+2	3.511930E+1	1.000000E-2	1.115808E-5	3.817353E+9
-1.464322E+2	8.962654E+2	3.522014E+1	1.000000E-2	1.115741E-5	3.817353E+9
-1.469013E+2	8.964100E+2	3.532531E+1	1.000000E-2	1.115561E-5	3.817353E+9
-1.473637E+2	8.963304E+2	3.542846E+1	1.000000E-2	1.115660E-5	3.817353E+9
-1.478144E+2	8.964501E+2	3.553175E+1	1.000000E-2	1.115511E-5	3.817353E+9
-1.482555E+2	8.963216E+2	3.563507E+1	1.000000E-2	1.115671E-5	3.817353E+9
-1.486787E+2	8.963119E+2	3.573968E+1	1.000000E-2	1.115683E-5	3.817353E+9
-1.491224E+2	8.963658E+2	3.584494E+1	1.000000E-2	1.115616E-5	3.817353E+9
-1.495415E+2	8.963055E+2	3.594667E+1	1.000000E-2	1.115691E-5	3.817353E+9
-1.499584E+2	8.963160E+2	3.605071E+1	1.000000E-2	1.115678E-5	3.817353E+9
-1.503696E+2	8.964148E+2	3.615405E+1	1.000000E-2	1.115555E-5	3.817353E+9
-1.507675E+2	8.963875E+2	3.625296E+1	1.000000E-2	1.115589E-5	3.817353E+9
-1.511613E+2	8.962750E+2	3.635665E+1	1.000000E-2	1.115729E-5	3.817353E+9
-1.515530E+2	8.963296E+2	3.646252E+1	1.000000E-2	1.115661E-5	3.817353E+9
-1.519334E+2	8.963786E+2	3.656758E+1	1.000000E-2	1.115600E-5	3.817353E+9
-1.523147E+2	8.964132E+2	3.667253E+1	1.000000E-2	1.115557E-5	3.817353E+9
-1.526921E+2	8.963835E+2	3.677665E+1	1.000000E-2	1.115594E-5	3.817353E+9
-1.530567E+2	8.964220E+2	3.688258E+1	1.000000E-2	1.115546E-5	3.817353E+9
-1.534207E+2	8.963666E+2	3.698526E+1	1.000000E-2	1.115615E-5	3.817353E+9
-1.537776E+2	8.964076E+2	3.709154E+1	1.000000E-2	1.115564E-5	3.817353E+9
-1.541282E+2	8.964252E+2	3.719977E+1	1.000000E-2	1.115542E-5	3.817353E+9
-1.544780E+2	8.962204E+2	3.729908E+1	1.000000E-2	1.115797E-5	3.817353E+9
-1.548293E+2	8.964068E+2	3.740496E+1	1.000000E-2	1.115565E-5	3.817353E+9
-1.551651E+2	8.964501E+2	3.751068E+1	1.000000E-2	1.115511E-5	3.817353E+9
-1.555032E+2	8.964510E+2	3.761463E+1	1.000000E-2	1.115510E-5	3.817353E+9
-1.558383E+2	8.964735E+2	3.771777E+1	1.000000E-2	1.115482E-5	3.817353E+9
-1.561534E+2	8.964550E+2	3.782252E+1	1.000000E-2	1.115505E-5	3.817353E+9
-1.564941E+2	8.964172E+2	3.792636E+1	1.000000E-2	1.115552E-5	3.817353E+9
-1.568146E+2	8.964341E+2	3.803010E+1	1.000000E-2	1.115531E-5	3.817353E+9
-1.571340E+2	8.964172E+2	3.813651E+1	1.000000E-2	1.115552E-5	3.817353E+9
-1.574512E+2	8.964220E+2	3.823993E+1	1.000000E-2	1.115546E-5	3.817353E+9
-1.577605E+2	8.963650E+2	3.833852E+1	1.000000E-2	1.115617E-5	3.817353E+9
-1.580665E+2	8.963995E+2	3.844053E+1	1.000000E-2	1.115574E-5	3.817353E+9
-1.583721E+2	8.964164E+2	3.854427E+1	1.000000E-2	1.115553E-5	3.817353E+9
-1.586712E+2	8.963818E+2	3.864946E+1	1.000000E-2	1.115596E-5	3.817353E+9
-1.589715E+2	8.964284E+2	3.874943E+1	1.000000E-2	1.115538E-5	3.817353E+9
-1.592678E+2	8.963328E+2	3.885610E+1	1.000000E-2	1.115657E-5	3.817353E+9
-1.595581E+2	8.963698E+2	3.896044E+1	1.000000E-2	1.115611E-5	3.817353E+9
-1.598512E+2	8.963409E+2	3.906342E+1	1.000000E-2	1.115647E-5	3.817353E+9
-1.601405E+2	8.963971E+2	3.916843E+1	1.000000E-2	1.115577E-5	3.817353E+9
-1.604260E+2	8.963738E+2	3.927473E+1	1.000000E-2	1.115606E-5	3.817353E+9
-1.607134E+2	8.963369E+2	3.937638E+1	1.000000E-2	1.115652E-5	3.817353E+9
-1.609929E+2	8.963288E+2	3.948352E+1	1.000000E-2	1.115662E-5	3.817353E+9
-1.612677E+2	8.963232E+2	3.958867E+1	1.000000E-2	1.115669E-5	3.817353E+9
-1.615417E+2	8.963200E+2	3.969445E+1	1.000000E-2	1.115673E-5	3.817353E+9
-1.618155E+2	8.962959E+2	3.980045E+1	1.000000E-2	1.115703E-5	3.817353E+9
-1.620885E+2	8.962565E+2	3.990912E+1	1.000000E-2	1.115752E-5	3.817353E+9
-1.623462E+2	8.962758E+2	4.001504E+1	1.000000E-2	1.115728E-5	3.817353E+9
-1.626239E+2	8.963296E+2	4.012007E+1	1.000000E-2	1.115661E-5	3.817353E+9
-1.628897E+2	8.962694E+2	4.022316E+1	1.000000E-2	1.115736E-5	3.817353E+9
-1.631548E+2	8.962196E+2	4.032804E+1	1.000000E-2	1.115798E-5	3.817353E+9
-1.634087E+2	8.962477E+2	4.043386E+1	1.000000E-2	1.115763E-5	3.817353E+9
-1.636718E+2	8.962919E+2	4.054080E+1	1.000000E-2	1.115708E-5	3.817353E+9
-1.639313E+2	8.962830E+2	4.064562E+1	1.000000E-2	1.115719E-5	3.817353E+9
-1.641827E+2	8.962188E+2	4.075253E+1	1.000000E-2	1.115799E-5	3.817353E+9
-1.644373E+2	8.962886E+2	4.085662E+1	1.000000E-2	1.115712E-5	3.817353E+9
-1.646868E+2	8.963015E+2	4.096292E+1	1.000000E-2	1.115696E-5	3.817353E+9
-1.649407E+2	8.962533E+2	4.106986E+1	1.000000E-2	1.115756E-5	3.817353E+9
-1.651846E+2	8.962388E+2	4.117417E+1	1.000000E-2	1.115774E-5	3.817353E+9
-1.654299E+2	8.962429E+2	4.128029E+1	1.000000E-2	1.115769E-5	3.817353E+9
-1.656684E+2	8.961658E+2	4.138307E+1	1.000000E-2	1.115865E-5	3.817353E+9
-1.659126E+2	8.962670E+2	4.148491E+1	1.000000E-2	1.115739E-5	3.817353E+9
-1.661597E+2	8.963111E+2	4.159271E+1	1.000000E-2	1.115684E-5	3.817353E+9
-1.663945E+2	8.963023E+2	4.169838E+1	1.000000E-2	1.115695E-5	3.817353E+9
-1.666276E+2	8.962429E+2	4.180579E+1	1.000000E-2	1.115769E-5	3.817353E+9
-1.668687E+2	8.962951E+2	4.190832E+1	1.000000E-2	1.115704E-5	3.817353E+9
-1.671028E+2	8.962822E+2	4.201343E+1	1.000000E-2	1.115720E-5	3.817353E+9
-1.673361E+2	8.962822E+2	4.211960E+1	1.000000E-2	1.115720E-5	3.817353E+9
-1.675652E+2	8.963216E+2	4.222458E+1	1.000000E-2	1.115671E-5	3.817353E+9
-1.677938E+2	8.962846E+2	4.232944E+1	1.000000E-2	1.115717E-5	3.817353E+9
-1.680192E+2	8.962927E+2	4.243573E+1	1.000000E-2	1.115707E-5	3.817353E+9
-1.680266E+2	8.963184E+2	4.254158E+1	1.000000E-2	1.115675E-5	3.817353E+9
-1.678561E+2	8.964011E+2	4.264785E+1	1.000000E-2	1.115572E-5	3.817353E+9
-1.676762E+2	8.963979E+2	4.275245E+1	1.000000E-2	1.115576E-5	3.817353E+9
-1.675003E+2	8.963810E+2	4.285686E+1	1.000000E-2	1.115597E-5	3.817353E+9
-1.673133E+2	8.963939E+2	4.296151E+1	1.000000E-2	1.115581E-5	3.817353E+9
-1.671345E+2	8.962629E+2	4.306506E+1	1.000000E-2	1.115744E-5	3.817353E+9
-1.669447E+2	8.963907E+2	4.317304E+1	1.000000E-2	1.115585E-5	3.817353E+9
-1.667559E+2	8.963063E+2	4.327840E+1	1.000000E-2	1.115690E-5	3.817353E+9
-1.665688E+2	8.963569E+2	4.338132E+1	1.000000E-2	1.115627E-5	3.817353E+9
-1.663810E+2	8.963288E+2	4.348702E+1	1.000000E-2	1.115662E-5	3.817353E+9
-1.661864E+2	8.963650E+2	4.359216E+1	1.000000E-2	1.115617E-5	3.817353E+9
-1.659950E+2	8.963304E+2	4.370455E+1	1.000000E-2	1.115660E-5	3.817353E+9
-1.658007E+2	8.963304E+2	4.381061E+1	1.000000E-2	1.115660E-5	3.817353E+9
-1.656047E+2	8.962798E+2	4.391859E+1	1.000000E-2	1.115723E-5	3.817353E+9
-1.654100E+2	8.962188E+2	4.402768E+1	1.000000E-2	1.115799E-5	3.817353E+9
-1.652090E+2	8.963136E+2	4.413064E+1	1.000000E-2	1.115681E-5	3.817353E+9
-1.650055E+2	8.962927E+2	4.423469E+1	1.000000E-2	1.115707E-5	3.817353E+9
-1.648005E+2	8.962694E+2	4.434023E+1	1.000000E-2	1.115736E-5	3.817353E+9
-1.645977E+2	8.962445E+2	4.444617E+1	1.000000E-2	1.115767E-5	3.817353E+9
-1.643961E+2	8.962364E+2	4.455142E+1	1.000000E-2	1.115777E-5	3.817353E+9
-1.641899E+2	8.965112E+2	4.465761E+1	1.000000E-2	1.115435E-5	3.817353E+9
-1.639789E+2	8.962597E+2	4.475810E+1	1.000000E-2	1.115748E-5	3.817353E+9
-1.637681E+2	8.962461E+2	4.486030E+1	1.000000E-2	1.115765E-5	3.817353E+9
-1.635504E+2	8.963071E+2	4.496627E+1	1.000000E-2	1.115689E-5	3.817353E+9
-1.633365E+2	8.962573E+2	4.507456E+1	1.000000E-2	1.115751E-5	3.817353E+9
-1.631209E+2	8.962445E+2	4.517671E+1	1.000000E-2	1.115767E-5	3.817353E+9
-1.628968E+2	8.963160E+2	4.528054E+1	1.000000E-2	1.115678E-5	3.817353E+9
-1.626786E+2	8.963103E+2	4.538899E+1	1.000000E-2	1.115685E-5	3.817353E+9
-1.624582E+2	8.963079E+2	4.548632E+1	1.000000E-2	1.115688E-5	3.817353E+9
-1.622311E+2	8.963216E+2	4.558511E+1	1.000000E-2	1.115671E-5	3.817353E+9
-1.620035E+2	8.963634E+2	4.569106E+1	1.000000E-2	1.115619E-5	3.817353E+9
-1.617779E+2	8.963377E+2	4.579502E+1	1.000000E-2	1.115651E-5	3.817353E+9
-1.615424E+2	8.963328E+2	4.589985E+1	1.000000E-2	1.115657E-5	3.817353E+9
-1.613121E+2	8.962541E+2	4.599607E+1	1.000000E-2	1.115755E-5	3.817353E+9
-1.610776E+2	8.962878E+2	4.609506E+1	1.000000E-2	1.115713E-5	3.817353E+9
-1.608432E+2	8.962629E+2	4.620106E+1	1.000000E-2	1.115744E-5	3.817353E+9
-1.606004E+2	8.962573E+2	4.629706E+1	1.000000E-2	1.115751E-5	3.817353E+9
-1.603585E+2	8.963071E+2	4.639606E+1	1.000000E-2	1.115689E-5	3.817353E+9
-1.601149E+2	8.962862E+2	4.650189E+1	1.000000E-2	1.115715E-5	3.817353E+9
-1.598659E+2	8.963393E+2	4.660274E+1	1.000000E-2	1.115649E-5	3.817353E+9
-1.596201E+2	8.963152E+2	4.670766E+1	1.000000E-2	1.115679E-5	3.817353E+9
-1.593719E+2	8.962911E+2	4.681055E+1	1.000000E-2	1.115709E-5	3.817353E+9
-1.591129E+2	8.962750E+2	4.691657E+1	1.000000E-2	1.115729E-5	3.817353E+9
-1.588611E+2	8.963955E+2	4.702255E+1	1.000000E-2	1.115579E-5	3.817353E+9
-1.585989E+2	8.963995E+2	4.712899E+1	1.000000E-2	1.115574E-5	3.817353E+9
-1.583406E+2	8.963344E+2	4.723611E+1	1.000000E-2	1.115655E-5	3.817353E+9
-1.580768E+2	8.963931E+2	4.734208E+1	1.000000E-2	1.115582E-5	3.817353E+9
-1.578099E+2	8.963449E+2	4.744778E+1	1.000000E-2	1.115642E-5	3.817353E+9
-1.575385E+2	8.962919E+2	4.755194E+1	1.000000E-2	1.115708E-5	3.817353E+9
-1.572687E+2	8.963883E+2	4.765314E+1	1.000000E-2	1.115588E-5	3.817353E+9
-1.569918E+2	8.962911E+2	4.775677E+1	1.000000E-2	1.115709E-5	3.817353E+9
-1.567112E+2	8.962686E+2	4.786113E+1	1.000000E-2	1.115737E-5	3.817353E+9
-1.564279E+2	8.963248E+2	4.796551E+1	1.000000E-2	1.115667E-5	3.817353E+9
-1.561475E+2	8.962943E+2	4.806779E+1	1.000000E-2	1.115705E-5	3.817353E+9
-1.558556E+2	8.963537E+2	4.817357E+1	1.000000E-2	1.115631E-5	3.817353E+9
-1.555654E+2	8.962999E+2	4.827665E+1	1.000000E-2	1.115698E-5	3.817353E+9
-1.552615E+2	8.962718E+2	4.838307E+1	1.000000E-2	1.115733E-5	3.817353E+9
-1.549647E+2	8.963312E+2	4.848937E+1	1.000000E-2	1.115659E-5	3.817353E+9
-1.546597E+2	8.962854E+2	4.859411E+1	1.000000E-2	1.115716E-5	3.817353E+9
-1.543512E+2	8.962846E+2	4.869310E+1	1.000000E-2	1.115717E-5	3.817353E+9
-1.540410E+2	8.962951E+2	4.879777E+1	1.000000E-2	1.115704E-5	3.817353E+9
-1.537233E+2	8.963071E+2	4.890445E+1	1.000000E-2	1.115689E-5	3.817353E+9
-1.534005E+2	8.963393E+2	4.900864E+1	1.000000E-2	1.115649E-5	3.817353E+9
-1.530746E+2	8.963023E+2	4.911249E+1	1.000000E-2	1.115695E-5	3.817353E+9
-1.527475E+2	8.963015E+2	4.921490E+1	1.000000E-2	1.115696E-5	3.817353E+9
-1.524120E+2	8.963762E+2	4.932251E+1	1.000000E-2	1.115603E-5	3.817353E+9
-1.520721E+2	8.963264E+2	4.942667E+1	1.000000E-2	1.115665E-5	3.817353E+9
-1.517229E+2	8.963192E+2	4.953210E+1	1.000000E-2	1.115674E-5	3.817353E+9
-1.513700E+2	8.963240E+2	4.963753E+1	1.000000E-2	1.115668E-5	3.817353E+9
-1.510172E+2	8.963746E+2	4.974163E+1	1.000000E-2	1.115605E-5	3.817353E+9
-1.506535E+2	8.963465E+2	4.984262E+1	1.000000E-2	1.115640E-5	3.817353E+9
-1.502844E+2	8.963304E+2	4.995261E+1	1.000000E-2	1.115660E-5	3.817353E+9
-1.499134E+2	8.963786E+2	5.005798E+1	1.000000E-2	1.115600E-5	3.817353E+9
-1.495327E+2	8.963714E+2	5.017264E+1	1.000000E-2	1.115609E-5	3.817353E+9
-1.491354E+2	8.963585E+2	5.027520E+1	1.000000E-2	1.115625E-5	3.817353E+9
-1.487438E+2	8.966254E+2	5.043881E+1	1.000000E-2	1.115293E-5	3.817353E+9
-1.483489E+2	8.964228E+2	5.054605E+1	1.000000E-2	1.115545E-5	3.817353E+9
-1.479414E+2	8.963553E+2	5.065160E+1	1.000000E-2	1.115629E-5	3.817353E+9
-1.475218E+2	8.964317E+2	5.075922E+1	1.000000E-2	1.115534E-5	3.817353E+9
-1.471013E+2	8.964381E+2	5.086274E+1	1.000000E-2	1.115526E-5	3.817353E+9
-1.466647E+2	8.963995E+2	5.096914E+1	1.000000E-2	1.115574E-5	3.817353E+9
-1.462271E+2	8.963907E+2	5.107238E+1	1.000000E-2	1.115585E-5	3.817353E+9
-1.457724E+2	8.964116E+2	5.117545E+1	1.000000E-2	1.115559E-5	3.817353E+9
-1.453145E+2	8.965619E+2	5.127716E+1	1.000000E-2	1.115372E-5	3.817353E+9
-1.448428E+2	8.964501E+2	5.138332E+1	1.000000E-2	1.115511E-5	3.817353E+9
-1.443576E+2	8.964895E+2	5.148971E+1	1.000000E-2	1.115462E-5	3.817353E+9
-1.438702E+2	8.964566E+2	5.159233E+1	1.000000E-2	1.115503E-5	3.817353E+9
-1.433648E+2	8.965072E+2	5.169725E+1	1.000000E-2	1.115440E-5	3.817353E+9
-1.428434E+2	8.964919E+2	5.180175E+1	1.000000E-2	1.115459E-5	3.817353E+9
-1.423168E+2	8.966222E+2	5.190589E+1	1.000000E-2	1.115297E-5	3.817353E+9
-1.417744E+2	8.965804E+2	5.201206E+1	1.000000E-2	1.115349E-5	3.817353E+9
-1.412120E+2	8.965257E+2	5.212054E+1	1.000000E-2	1.115417E-5	3.817353E+9
-1.406484E+2	8.966101E+2	5.222506E+1	1.000000E-2	1.115312E-5	3.817353E+9
-1.400553E+2	8.965635E+2	5.233106E+1	1.000000E-2	1.115370E-5	3.817353E+9
-1.394549E+2	8.965185E+2	5.243504E+1	1.000000E-2	1.115426E-5	3.817353E+9
-1.388544E+2	8.965474E+2	5.254153E+1	1.000000E-2	1.115390E-5	3.817353E+9
-1.381989E+2	8.966382E+2	5.264596E+1	1.000000E-2	1.115277E-5	3.817353E+9
-1.375435E+2	8.965699E+2	5.275192E+1	1.000000E-2	1.115362E-5	3.817353E+9
-1.368780E+2	8.965707E+2	5.285659E+1	1.000000E-2	1.115361E-5	3.817353E+9
-1.361846E+2	8.965691E+2	5.296363E+1	1.000000E-2	1.115363E-5	3.817353E+9
-1.354825E+2	8.965988E+2	5.306898E+1	1.000000E-2	1.115326E-5	3.817353E+9
-1.347396E+2	8.965707E+2	5.317804E+1	1.000000E-2	1.115361E-5	3.817353E+9
-1.339972E+2	8.968280E+2	5.328028E+1	1.000000E-2	1.115041E-5	3.817353E+9
-1.332240E+2	8.967186E+2	5.338321E+1	1.000000E-2	1.115177E-5	3.817353E+9
-1.324426E+2	8.969865E+2	5.348408E+1	1.000000E-2	1.114844E-5	3.817353E+9
-1.316318E+2	8.968071E+2	5.358818E+1	1.000000E-2	1.115067E-5	3.817353E+9
-1.307986E+2	8.967106E+2	5.368431E+1	1.000000E-2	1.115187E-5	3.817353E+9
-1.299381E+2	8.966077E+2	5.377917E+1	1.000000E-2	1.115315E-5	3.817353E+9
-1.290556E+2	8.966173E+2	5.387929E+1	1.000000E-2	1.115303E-5	3.817353E+9
-1.281638E+2	8.966382E+2	5.398562E+1	1.000000E-2	1.115277E-5	3.817353E+9
-1.272504E+2	8.966189E+2	5.409022E+1	1.000000E-2	1.115301E-5	3.817353E+9
-1.263177E+2	8.966841E+2	5.419637E+1	1.000000E-2	1.115220E-5	3.817353E+9
-1.253689E+2	8.966897E+2	5.430127E+1	1.000000E-2	1.115213E-5	3.817353E+9
-1.243908E+2	8.967645E+2	5.440666E+1	1.000000E-2	1.115120E-5	3.817353E+9
-1.234015E+2	8.968063E+2	5.451166E+1	1.000000E-2	1.115068E-5	3.817353E+9
-1.224672E+2	8.971209E+2	5.460926E+1	1.000000E-2	1.114677E-5	3.817353E+9
-1.213868E+2	8.969430E+2	5.470461E+1	1.000000E-2	1.114898E-5	3.817353E+9
-1.203400E+2	8.967219E+2	5.481197E+1	1.000000E-2	1.115173E-5	3.817353E+9
-1.192964E+2	8.967886E+2	5.491686E+1	1.000000E-2	1.115090E-5	3.817353E+9
-1.182324E+2	8.970517E+2	5.502322E+1	1.000000E-2	1.114763E-5	3.817353E+9
-1.171380E+2	8.968771E+2	5.513022E+1	1.000000E-2	1.114980E-5	3.817353E+9
-1.160410E+2	8.968055E+2	5.523686E+1	1.000000E-2	1.115069E-5	3.817353E+9
-1.149390E+2	8.968361E+2	5.534460E+1	1.000000E-2	1.115031E-5	3.817353E+9
-1.138229E+2	8.969310E+2	5.544851E+1	1.000000E-2	1.114913E-5	3.817353E+9
-1.127088E+2	8.973076E+2	5.555320E+1	1.000000E-2	1.114445E-5	3.817353E+9
-1.115583E+2	8.969229E+2	5.566060E+1	1.000000E-2	1.114923E-5	3.817353E+9
-1.103942E+2	8.969173E+2	5.575938E+1	1.000000E-2	1.114930E-5	3.817353E+9
-1.092301E+2	8.969527E+2	5.586600E+1	1.000000E-2	1.114886E-5	3.817353E+9
-1.080764E+2	8.971651E+2	5.597039E+1	1.000000E-2	1.114622E-5	3.817353E+9
-1.068950E+2	8.973318E+2	5.607449E+1	1.000000E-2	1.114415E-5	3.817353E+9
-1.057138E+2	8.976572E+2	5.617811E+1	1.000000E-2	1.114011E-5	3.817353E+9
-1.045079E+2	8.973302E+2	5.628323E+1	1.000000E-2	1.114417E-5	3.817353E+9
-1.033043E+2	8.971539E+2	5.638700E+1	1.000000E-2	1.114636E-5	3.817353E+9
-1.020537E+2	8.970010E+2	5.649301E+1	1.000000E-2	1.114826E-5	3.817353E+9
-1.007847E+2	8.976363E+2	5.659638E+1	1.000000E-2	1.114037E-5	3.817353E+9
-9.962015E+1	8.971177E+2	5.670351E+1	1.000000E-2	1.114681E-5	3.817353E+9
-9.839817E+1	8.972150E+2	5.680951E+1	1.000000E-2	1.114560E-5	3.817353E+9
-9.724866E+1	8.973157E+2	5.691171E+1	1.000000E-2	1.114435E-5	3.817353E+9
-9.598226E+1	8.972577E+2	5.701656E+1	1.000000E-2	1.114507E-5	3.817353E+9
-9.473790E+1	8.973551E+2	5.712031E+1	1.000000E-2	1.114386E-5	3.817353E+9
-9.345875E+1	8.973157E+2	5.722677E+1	1.000000E-2	1.114435E-5	3.817353E+9
-9.220866E+1	8.974679E+2	5.733113E+1	1.000000E-2	1.114246E-5	3.817353E+9
-9.091507E+1	8.974002E+2	5.743532E+1	1.000000E-2	1.114330E-5	3.817353E+9
-8.964489E+1	8.974872E+2	5.753843E+1	1.000000E-2	1.114222E-5	3.817353E+9
-8.833859E+1	8.974542E+2	5.764225E+1	1.000000E-2	1.114263E-5	3.817353E+9
-8.702667E+1	8.974292E+2	5.774681E+1	1.000000E-2	1.114294E-5	3.817353E+9
-8.572822E+1	8.974961E+2	5.785485E+1	1.000000E-2	1.114211E-5	3.817353E+9
-8.440938E+1	8.974743E+2	5.795604E+1	1.000000E-2	1.114238E-5	3.817353E+9
-8.309896E+1	8.975702E+2	5.806142E+1	1.000000E-2	1.114119E-5	3.817353E+9
-8.178840E+1	8.976209E+2	5.815807E+1	1.000000E-2	1.114056E-5	3.817353E+9
-8.045022E+1	8.975871E+2	5.825356E+1	1.000000E-2	1.114098E-5	3.817353E+9
-7.911200E+1	8.976403E+2	5.835067E+1	1.000000E-2	1.114032E-5	3.817353E+9
-7.776880E+1	8.976790E+2	5.846380E+1	1.000000E-2	1.113984E-5	3.817353E+9
-7.642413E+1	8.976846E+2	5.856976E+1	1.000000E-2	1.113977E-5	3.817353E+9
-7.512481E+1	8.977563E+2	5.867766E+1	1.000000E-2	1.113888E-5	3.817353E+9
-7.372800E+1	8.977176E+2	5.878425E+1	1.000000E-2	1.113936E-5	3.817353E+9
-7.234863E+1	8.977789E+2	5.888487E+1	1.000000E-2	1.113860E-5	3.817353E+9
-7.099110E+1	8.978103E+2	5.898881E+1	1.000000E-2	1.113821E-5	3.817353E+9
-6.961820E+1	8.978506E+2	5.909460E+1	1.000000E-2	1.113771E-5	3.817353E+9
-6.824105E+1	8.979248E+2	5.920077E+1	1.000000E-2	1.113679E-5	3.817353E+9
-6.684002E+1	8.979006E+2	5.930790E+1	1.000000E-2	1.113709E-5	3.817353E+9
-6.546965E+1	8.980611E+2	5.941292E+1	1.000000E-2	1.113510E-5	3.817353E+9
-6.408039E+1	8.980643E+2	5.951895E+1	1.000000E-2	1.113506E-5	3.817353E+9
-6.266471E+1	8.980595E+2	5.962514E+1	1.000000E-2	1.113512E-5	3.817353E+9
-6.129303E+1	8.982829E+2	5.973052E+1	1.000000E-2	1.113235E-5	3.817353E+9
-5.986045E+1	8.982200E+2	5.983718E+1	1.000000E-2	1.113313E-5	3.817353E+9
-5.844958E+1	8.983120E+2	5.994112E+1	1.000000E-2	1.113199E-5	3.817353E+9
-5.703808E+1	8.984468E+2	6.004351E+1	1.000000E-2	1.113032E-5	3.817353E+9
-5.559504E+1	8.984532E+2	6.014859E+1	1.000000E-2	1.113024E-5	3.817353E+9
-5.417952E+1	8.986317E+2	6.025268E+1	1.000000E-2	1.112803E-5	3.817353E+9
-5.272323E+1	8.985977E+2	6.035851E+1	1.000000E-2	1.112845E-5	3.817353E+9
-5.128469E+1	8.986527E+2	6.046408E+1	1.000000E-2	1.112777E-5	3.817353E+9
-4.983865E+1	8.987706E+2	6.057164E+1	1.000000E-2	1.112631E-5	3.817353E+9
-4.823016E+1	8.988909E+2	6.067754E+1	1.000000E-2	1.112482E-5	3.817353E+9
-4.686907E+1	8.991108E+2	6.086308E+1	1.000000E-2	1.112210E-5	3.817353E+9
-4.548062E+1	8.992013E+2	6.097059E+1	1.000000E-2	1.112098E-5	3.817353E+9
-4.401459E+1	8.993323E+2	6.107664E+1	1.000000E-2	1.111936E-5	3.817353E+9
-4.253339E+1	8.993979E+2	6.118251E+1	1.000000E-2	1.111855E-5	3.817353E+9
-4.106868E+1	8.995516E+2	6.128592E+1	1.000000E-2	1.111665E-5	3.817353E+9
-3.959675E+1	8.998098E+2	6.139397E+1	1.000000E-2	1.111346E-5	3.817353E+9
-3.811854E+1	8.999369E+2	6.150156E+1	1.000000E-2	1.111189E-5	3.817353E+9
-3.665161E+1	9.001913E+2	6.160509E+1	1.000000E-2	1.110875E-5	3.817353E+9
-3.511957E+1	9.002618E+2	6.171314E+1	1.000000E-2	1.110788E-5	3.817353E+9
-3.365564E+1	9.006388E+2	6.181767E+1	1.000000E-2	1.110323E-5	3.817353E+9
-3.216844E+1	9.008912E+2	6.192425E+1	1.000000E-2	1.110012E-5	3.817353E+9
-3.064217E+1	9.011120E+2	6.202995E+1	1.000000E-2	1.109740E-5	3.817353E+9
-2.916765E+1	9.015604E+2	6.213106E+1	1.000000E-2	1.109188E-5	3.817353E+9
-2.765472E+1	9.018222E+2	6.223650E+1	1.000000E-2	1.108866E-5	3.817353E+9
-2.614491E+1	9.021647E+2	6.234257E+1	1.000000E-2	1.108445E-5	3.817353E+9
-2.463719E+1	9.025426E+2	6.244706E+1	1.000000E-2	1.107981E-5	3.817353E+9
-2.310605E+1	9.029427E+2	6.255418E+1	1.000000E-2	1.107490E-5	3.817353E+9
-2.160748E+1	9.033212E+2	6.265797E+1	1.000000E-2	1.107026E-5	3.817353E+9
-2.009315E+1	9.038764E+2	6.275533E+1	1.000000E-2	1.106346E-5	3.817353E+9
-1.857378E+1	9.044126E+2	6.285946E+1	1.000000E-2	1.105690E-5	3.817353E+9
-1.710991E+1	9.049413E+2	6.296467E+1	1.000000E-2	1.105044E-5	3.817353E+9
-1.553820E+1	9.054305E+2	6.307245E+1	1.000000E-2	1.104447E-5	3.817353E+9
-1.400097E+1	9.059374E+2	6.317968E+1	1.000000E-2	1.103829E-5	3.817353E+9
-1.250597E+1	9.065230E+2	6.327666E+1	1.000000E-2	1.103116E-5	3.817353E+9
-1.095191E+1	9.069176E+2	6.338186E+1	1.000000E-2	1.102636E-5	3.817353E+9
-9.410491E+0	9.073644E+2	6.348852E+1	1.000000E-2	1.102093E-5	3.817353E+9
-7.888627E+0	9.078480E+2	6.359526E+1	1.000000E-2	1.101506E-5	3.817353E+9
-6.987427E+0	9.084113E+2	6.370059E+1	1.000000E-2	1.100823E-5	3.817353E+9
-4.820727E+0	9.072912E+2	6.380460E+1	1.000000E-2	1.102182E-5	3.817353E+9
-3.252893E+0	9.040700E+2	6.391261E+1	1.000000E-2	1.106109E-5	3.817353E+9
-1.732902E+0	8.997474E+2	6.401460E+1	1.000000E-2	1.111423E-5	3.817353E+9
-1.927375E-1	8.982289E+2	6.411581E+1	1.000000E-2	1.113302E-5	3.817353E+9
1.331688E+0	8.977958E+2	6.421523E+1	1.000000E-2	1.113839E-5	3.817353E+9
2.341475E+0	8.982369E+2	6.431875E+1	1.000000E-2	1.113292E-5	3.817353E+9
4.450055E+0	8.972835E+2	6.442598E+1	1.000000E-2	1.114475E-5	3.817353E+9
5.999558E+0	8.971909E+2	6.453331E+1	1.000000E-2	1.114590E-5	3.817353E+9
7.520392E+0	8.971579E+2	6.463645E+1	1.000000E-2	1.114631E-5	3.817353E+9
9.048720E+0	8.970903E+2	6.474022E+1	1.000000E-2	1.114715E-5	3.817353E+9
1.058479E+1	8.970332E+2	6.484460E+1	1.000000E-2	1.114786E-5	3.817353E+9
1.222549E+1	8.969221E+2	6.494822E+1	1.000000E-2	1.114924E-5	3.817353E+9
1.362034E+1	8.969302E+2	6.504950E+1	1.000000E-2	1.114914E-5	3.817353E+9
1.515360E+1	8.968739E+2	6.515203E+1	1.000000E-2	1.114984E-5	3.817353E+9
1.669858E+1	8.967677E+2	6.525666E+1	1.000000E-2	1.115116E-5	3.817353E+9
1.819468E+1	8.968473E+2	6.535926E+1	1.000000E-2	1.115017E-5	3.817353E+9
1.971598E+1	8.967219E+2	6.546373E+1	1.000000E-2	1.115173E-5	3.817353E+9
2.122710E+1	8.967629E+2	6.557036E+1	1.000000E-2	1.115122E-5	3.817353E+9
2.275212E+1	8.967251E+2	6.566759E+1	1.000000E-2	1.115169E-5	3.817353E+9
2.423295E+1	8.968039E+2	6.576466E+1	1.000000E-2	1.115071E-5	3.817353E+9
2.575612E+1	8.967235E+2	6.587036E+1	1.000000E-2	1.115171E-5	3.817353E+9
2.724660E+1	8.967476E+2	6.596831E+1	1.000000E-2	1.115141E-5	3.817353E+9
2.874554E+1	8.966985E+2	6.606752E+1	1.000000E-2	1.115202E-5	3.817353E+9
3.023486E+1	8.967331E+2	6.617540E+1	1.000000E-2	1.115159E-5	3.817353E+9
3.171004E+1	8.967588E+2	6.627374E+1	1.000000E-2	1.115127E-5	3.817353E+9
3.324483E+1	8.966222E+2	6.638216E+1	1.000000E-2	1.115297E-5	3.817353E+9
3.471873E+1	8.966374E+2	6.648941E+1	1.000000E-2	1.115278E-5	3.817353E+9
3.614943E+1	8.968119E+2	6.659687E+1	1.000000E-2	1.115061E-5	3.817353E+9
3.765000E+1	8.967227E+2	6.670045E+1	1.000000E-2	1.115172E-5	3.817353E+9
3.912733E+1	8.966632E+2	6.680644E+1	1.000000E-2	1.115246E-5	3.817353E+9
4.060606E+1	8.966230E+2	6.690503E+1	1.000000E-2	1.115296E-5	3.817353E+9
4.211119E+1	8.966382E+2	6.700076E+1	1.000000E-2	1.115277E-5	3.817353E+9
4.353527E+1	8.966053E+2	6.709936E+1	1.000000E-2	1.115318E-5	3.817353E+9
4.499146E+1	8.966053E+2	6.720531E+1	1.000000E-2	1.115318E-5	3.817353E+9
4.646479E+1	8.965273E+2	6.731110E+1	1.000000E-2	1.115415E-5	3.817353E+9
4.789921E+1	8.965603E+2	6.741524E+1	1.000000E-2	1.115374E-5	3.817353E+9
4.935727E+1	8.965209E+2	6.752363E+1	1.000000E-2	1.115423E-5	3.817353E+9
5.077224E+1	8.965924E+2	6.763022E+1	1.000000E-2	1.115334E-5	3.817353E+9
5.222337E+1	8.965715E+2	6.773472E+1	1.000000E-2	1.115360E-5	3.817353E+9
5.365844E+1	8.965249E+2	6.783828E+1	1.000000E-2	1.115418E-5	3.817353E+9
5.509240E+1	8.964333E+2	6.794443E+1	1.000000E-2	1.115532E-5	3.817353E+9
5.650518E+1	8.964051E+2	6.805072E+1	1.000000E-2	1.115567E-5	3.817353E+9
5.793372E+1	8.964421E+2	6.815758E+1	1.000000E-2	1.115521E-5	3.817353E+9
5.935393E+1	8.964405E+2	6.826148E+1	1.000000E-2	1.115523E-5	3.817353E+9
6.072699E+1	8.965000E+2	6.836666E+1	1.000000E-2	1.115449E-5	3.817353E+9
6.214233E+1	8.964984E+2	6.847449E+1	1.000000E-2	1.115451E-5	3.817353E+9
6.354729E+1	8.964477E+2	6.858072E+1	1.000000E-2	1.115514E-5	3.817353E+9
6.492878E+1	8.964799E+2	6.868644E+1	1.000000E-2	1.115474E-5	3.817353E+9
6.631729E+1	8.964196E+2	6.878906E+1	1.000000E-2	1.115549E-5	3.817353E+9
6.767873E+1	8.964268E+2	6.889440E+1	1.000000E-2	1.115540E-5	3.817353E+9
6.903864E+1	8.964767E+2	6.899856E+1	1.000000E-2	1.115478E-5	3.817353E+9
7.032178E+1	8.964437E+2	6.909706E+1	1.000000E-2	1.115519E-5	3.817353E+9
7.180470E+1	8.963843E+2	6.920363E+1	1.000000E-2	1.115593E-5	3.817353E+9
7.314025E+1	8.964550E+2	6.930776E+1	1.000000E-2	1.115505E-5	3.817353E+9
7.447586E+1	8.964180E+2	6.940887E+1	1.000000E-2	1.115551E-5	3.817353E+9
7.583723E+1	8.963810E+2	6.951580E+1	1.000000E-2	1.115597E-5	3.817353E+9
7.716700E+1	8.964076E+2	6.962079E+1	1.000000E-2	1.115564E-5	3.817353E+9
7.854572E+1	8.962284E+2	6.972670E+1	1.000000E-2	1.115787E-5	3.817353E+9
7.982096E+1	8.964397E+2	6.982916E+1	1.000000E-2	1.115524E-5	3.817353E+9
8.114511E+1	8.963360E+2	6.993379E+1	1.000000E-2	1.115653E-5	3.817353E+9
8.244276E+1	8.963979E+2	7.003757E+1	1.000000E-2	1.115576E-5	3.817353E+9
8.376611E+1	8.963385E+2	7.014069E+1	1.000000E-2	1.115650E-5	3.817353E+9
8.504301E+1	8.963995E+2	7.024544E+1	1.000000E-2	1.115574E-5	3.817353E+9
8.579320E+1	8.970098E+2	7.034930E+1	1.000000E-2	1.114815E-5	3.817353E+9
8.766460E+1	8.961890E+2	7.045058E+1	1.000000E-2	1.115836E-5	3.817353E+9
8.891163E+1	8.966431E+2	7.055774E+1	1.000000E-2	1.115271E-5	3.817353E+9
9.021751E+1	8.961441E+2	7.066443E+1	1.000000E-2	1.115892E-5	3.817353E+9
9.147404E+1	8.962123E+2	7.076751E+1	1.000000E-2	1.115807E-5	3.817353E+9
9.272349E+1	8.963553E+2	7.087289E+1	1.000000E-2	1.115629E-5	3.817353E+9
9.396063E+1	8.965281E+2	7.097615E+1	1.000000E-2	1.115414E-5	3.817353E+9
9.520225E+1	8.962686E+2	7.107913E+1	1.000000E-2	1.115737E-5	3.817353E+9
9.651907E+1	8.962091E+2	7.118678E+1	1.000000E-2	1.115811E-5	3.817353E+9
9.758314E+1	8.961834E+2	7.129290E+1	1.000000E-2	1.115843E-5	3.817353E+9
9.885736E+1	8.962228E+2	7.139985E+1	1.000000E-2	1.115794E-5	3.817353E+9
1.000580E+2	8.962597E+2	7.150514E+1	1.000000E-2	1.115748E-5	3.817353E+9
1.012742E+2	8.961706E+2	7.160858E+1	1.000000E-2	1.115859E-5	3.817353E+9
1.024526E+2	8.962967E+2	7.171367E+1	1.000000E-2	1.115702E-5	3.817353E+9
1.036194E+2	8.962067E+2	7.181935E+1	1.000000E-2	1.115814E-5	3.817353E+9
1.048226E+2	8.960413E+2	7.192858E+1	1.000000E-2	1.116020E-5	3.817353E+9
1.059480E+2	8.962429E+2	7.203173E+1	1.000000E-2	1.115769E-5	3.817353E+9
1.070951E+2	8.962051E+2	7.213828E+1	1.000000E-2	1.115816E-5	3.817353E+9
1.082438E+2	8.960967E+2	7.224372E+1	1.000000E-2	1.115951E-5	3.817353E+9
1.093888E+2	8.960903E+2	7.234791E+1	1.000000E-2	1.115959E-5	3.817353E+9
1.105008E+2	8.961208E+2	7.245116E+1	1.000000E-2	1.115921E-5	3.817353E+9
1.116107E+2	8.959658E+2	7.255631E+1	1.000000E-2	1.116114E-5	3.817353E+9
1.127124E+2	8.960309E+2	7.266217E+1	1.000000E-2	1.116033E-5	3.817353E+9
1.137896E+2	8.960782E+2	7.276751E+1	1.000000E-2	1.115974E-5	3.817353E+9
1.148578E+2	8.961192E+2	7.287191E+1	1.000000E-2	1.115923E-5	3.817353E+9
1.159488E+2	8.959474E+2	7.297923E+1	1.000000E-2	1.116137E-5	3.817353E+9
1.169804E+2	8.961425E+2	7.308473E+1	1.000000E-2	1.115894E-5	3.817353E+9
1.180235E+2	8.960790E+2	7.318930E+1	1.000000E-2	1.115973E-5	3.817353E+9
1.191221E+2	8.964124E+2	7.328660E+1	1.000000E-2	1.115558E-5	3.817353E+9
1.200685E+2	8.959458E+2	7.339377E+1	1.000000E-2	1.116139E-5	3.817353E+9
1.210638E+2	8.959626E+2	7.349872E+1	1.000000E-2	1.116118E-5	3.817353E+9
1.220221E+2	8.962429E+2	7.360176E+1	1.000000E-2	1.115769E-5	3.817353E+9
1.230138E+2	8.959755E+2	7.370784E+1	1.000000E-2	1.116102E-5	3.817353E+9
1.239494E+2	8.960838E+2	7.380982E+1	1.000000E-2	1.115967E-5	3.817353E+9
1.248887E+2	8.962115E+2	7.391475E+1	1.000000E-2	1.115808E-5	3.817353E+9
1.258272E+2	8.959361E+2	7.402246E+1	1.000000E-2	1.116151E-5	3.817353E+9
1.267220E+2	8.958976E+2	7.413019E+1	1.000000E-2	1.116199E-5	3.817353E+9
1.276056E+2	8.959217E+2	7.423766E+1	1.000000E-2	1.116169E-5	3.817353E+9
1.284667E+2	8.960011E+2	7.434080E+1	1.000000E-2	1.116070E-5	3.817353E+9
1.293331E+2	8.959433E+2	7.444669E+1	1.000000E-2	1.116142E-5	3.817353E+9
1.301800E+2	8.959225E+2	7.455164E+1	1.000000E-2	1.116168E-5	3.817353E+9
1.309723E+2	8.963545E+2	7.465448E+1	1.000000E-2	1.115630E-5	3.817353E+9
1.317899E+2	8.960349E+2	7.475871E+1	1.000000E-2	1.116028E-5	3.817353E+9
1.325712E+2	8.961216E+2	7.485851E+1	1.000000E-2	1.115920E-5	3.817353E+9
1.333492E+2	8.959305E+2	7.496261E+1	1.000000E-2	1.116158E-5	3.817353E+9
1.341232E+2	8.958815E+2	7.506687E+1	1.000000E-2	1.116219E-5	3.817353E+9
1.348440E+2	8.959779E+2	7.517248E+1	1.000000E-2	1.116099E-5	3.817353E+9
1.355700E+2	8.959409E+2	7.527859E+1	1.000000E-2	1.116145E-5	3.817353E+9
1.362448E+2	8.958912E+2	7.538353E+1	1.000000E-2	1.116207E-5	3.817353E+9
1.369739E+2	8.958246E+2	7.548747E+1	1.000000E-2	1.116290E-5	3.817353E+9
1.376451E+2	8.959377E+2	7.559023E+1	1.000000E-2	1.116149E-5	3.817353E+9
1.383140E+2	8.958527E+2	7.569859E+1	1.000000E-2	1.116255E-5	3.817353E+9
1.389586E+2	8.958575E+2	7.580523E+1	1.000000E-2	1.116249E-5	3.817353E+9
1.395919E+2	8.959417E+2	7.590929E+1	1.000000E-2	1.116144E-5	3.817353E+9
1.402054E+2	8.958575E+2	7.601333E+1	1.000000E-2	1.116249E-5	3.817353E+9
1.408145E+2	8.959899E+2	7.611641E+1	1.000000E-2	1.116084E-5	3.817353E+9
1.414133E+2	8.958535E+2	7.621502E+1	1.000000E-2	1.116254E-5	3.817353E+9
1.419891E+2	8.960477E+2	7.631651E+1	1.000000E-2	1.116012E-5	3.817353E+9
1.425622E+2	8.958125E+2	7.641773E+1	1.000000E-2	1.116305E-5	3.817353E+9
1.431250E+2	8.958791E+2	7.652281E+1	1.000000E-2	1.116222E-5	3.817353E+9
1.436737E+2	8.958350E+2	7.662634E+1	1.000000E-2	1.116277E-5	3.817353E+9
1.442036E+2	8.958238E+2	7.673352E+1	1.000000E-2	1.116291E-5	3.817353E+9
1.447226E+2	8.958286E+2	7.683708E+1	1.000000E-2	1.116285E-5	3.817353E+9
1.452374E+2	8.958302E+2	7.694029E+1	1.000000E-2	1.116283E-5	3.817353E+9
1.457505E+2	8.958398E+2	7.704611E+1	1.000000E-2	1.116271E-5	3.817353E+9
1.462452E+2	8.958342E+2	7.715144E+1	1.000000E-2	1.116278E-5	3.817353E+9
1.467245E+2	8.958470E+2	7.725629E+1	1.000000E-2	1.116262E-5	3.817353E+9
1.472075E+2	8.957788E+2	7.736066E+1	1.000000E-2	1.116347E-5	3.817353E+9
1.476585E+2	8.958366E+2	7.746425E+1	1.000000E-2	1.116275E-5	3.817353E+9
1.481412E+2	8.957507E+2	7.756949E+1	1.000000E-2	1.116382E-5	3.817353E+9
1.485830E+2	8.957748E+2	7.767469E+1	1.000000E-2	1.116352E-5	3.817353E+9
1.490311E+2	8.957211E+2	7.777877E+1	1.000000E-2	1.116419E-5	3.817353E+9
1.494833E+2	8.958013E+2	7.787651E+1	1.000000E-2	1.116319E-5	3.817353E+9
1.499044E+2	8.957796E+2	7.797312E+1	1.000000E-2	1.116346E-5	3.817353E+9
1.503324E+2	8.957796E+2	7.806864E+1	1.000000E-2	1.116346E-5	3.817353E+9
1.507567E+2	8.957708E+2	7.817300E+1	1.000000E-2	1.116357E-5	3.817353E+9
1.511651E+2	8.957732E+2	7.827742E+1	1.000000E-2	1.116354E-5	3.817353E+9
1.515756E+2	8.958021E+2	7.838061E+1	1.000000E-2	1.116318E-5	3.817353E+9
1.519718E+2	8.957652E+2	7.848482E+1	1.000000E-2	1.116364E-5	3.817353E+9
1.523747E+2	8.958173E+2	7.859077E+1	1.000000E-2	1.116299E-5	3.817353E+9
1.527536E+2	8.957933E+2	7.869427E+1	1.000000E-2	1.116329E-5	3.817353E+9
1.531357E+2	8.957291E+2	7.879765E+1	1.000000E-2	1.116409E-5	3.817353E+9
1.535164E+2	8.957740E+2	7.890260E+1	1.000000E-2	1.116353E-5	3.817353E+9
1.538857E+2	8.957997E+2	7.900377E+1	1.000000E-2	1.116321E-5	3.817353E+9
1.542625E+2	8.958093E+2	7.910368E+1	1.000000E-2	1.116309E-5	3.817353E+9
1.546229E+2	8.957235E+2	7.920902E+1	1.000000E-2	1.116416E-5	3.817353E+9
1.549827E+2	8.957419E+2	7.931237E+1	1.000000E-2	1.116393E-5	3.817353E+9
1.553343E+2	8.957283E+2	7.941665E+1	1.000000E-2	1.116410E-5	3.817353E+9
1.556616E+2	8.957435E+2	7.952014E+1	1.000000E-2	1.116391E-5	3.817353E+9
1.560344E+2	8.957162E+2	7.962452E+1	1.000000E-2	1.116425E-5	3.817353E+9
1.563736E+2	8.956601E+2	7.973011E+1	1.000000E-2	1.116495E-5	3.817353E+9
1.567136E+2	8.956874E+2	7.983299E+1	1.000000E-2	1.116461E-5	3.817353E+9
1.570564E+2	8.957628E+2	7.993835E+1	1.000000E-2	1.116367E-5	3.817353E+9
1.573789E+2	8.957154E+2	8.004527E+1	1.000000E-2	1.116426E-5	3.817353E+9
1.577070E+2	8.957275E+2	8.015072E+1	1.000000E-2	1.116411E-5	3.817353E+9
1.580291E+2	8.957186E+2	8.025273E+1	1.000000E-2	1.116422E-5	3.817353E+9
1.583492E+2	8.957620E+2	8.035682E+1	1.000000E-2	1.116368E-5	3.817353E+9
1.586708E+2	8.957146E+2	8.046319E+1	1.000000E-2	1.116427E-5	3.817353E+9
1.589817E+2	8.957876E+2	8.056644E+1	1.000000E-2	1.116336E-5	3.817353E+9
1.592934E+2	8.957194E+2	8.066858E+1	1.000000E-2	1.116421E-5	3.817353E+9
1.596072E+2	8.957764E+2	8.077265E+1	1.000000E-2	1.116350E-5	3.817353E+9
1.599128E+2	8.957211E+2	8.087105E+1	1.000000E-2	1.116419E-5	3.817353E+9
1.602054E+2	8.957122E+2	8.096963E+1	1.000000E-2	1.116430E-5	3.817353E+9
1.605025E+2	8.956825E+2	8.108353E+1	1.000000E-2	1.116467E-5	3.817353E+9
1.608039E+2	8.957700E+2	8.118867E+1	1.000000E-2	1.116358E-5	3.817353E+9
1.610994E+2	8.957443E+2	8.129360E+1	1.000000E-2	1.116390E-5	3.817353E+9
1.613905E+2	8.957844E+2	8.139634E+1	1.000000E-2	1.116340E-5	3.817353E+9
1.616968E+2	8.957130E+2	8.150261E+1	1.000000E-2	1.116429E-5	3.817353E+9
1.619775E+2	8.957403E+2	8.168184E+1	1.000000E-2	1.116395E-5	3.817353E+9
1.622463E+2	8.957010E+2	8.178393E+1	1.000000E-2	1.116444E-5	3.817353E+9
1.625240E+2	8.956849E+2	8.188889E+1	1.000000E-2	1.116464E-5	3.817353E+9
1.627994E+2	8.957451E+2	8.199262E+1	1.000000E-2	1.116389E-5	3.817353E+9
1.630817E+2	8.957050E+2	8.209797E+1	1.000000E-2	1.116439E-5	3.817353E+9
1.633577E+2	8.956825E+2	8.220286E+1	1.000000E-2	1.116467E-5	3.817353E+9
1.636330E+2	8.957427E+2	8.230483E+1	1.000000E-2	1.116392E-5	3.817353E+9
1.639027E+2	8.957194E+2	8.240636E+1	1.000000E-2	1.116421E-5	3.817353E+9
1.641686E+2	8.957154E+2	8.251081E+1	1.000000E-2	1.116426E-5	3.817353E+9
1.644364E+2	8.957106E+2	8.261552E+1	1.000000E-2	1.116432E-5	3.817353E+9
1.647054E+2	8.957483E+2	8.272257E+1	1.000000E-2	1.116385E-5	3.817353E+9
1.649611E+2	8.956866E+2	8.282505E+1	1.000000E-2	1.116462E-5	3.817353E+9
1.652272E+2	8.957604E+2	8.292262E+1	1.000000E-2	1.116370E-5	3.817353E+9
1.654832E+2	8.957267E+2	8.302976E+1	1.000000E-2	1.116412E-5	3.817353E+9
1.657425E+2	8.956521E+2	8.313253E+1	1.000000E-2	1.116505E-5	3.817353E+9
1.659953E+2	8.956472E+2	8.323529E+1	1.000000E-2	1.116511E-5	3.817353E+9
1.662507E+2	8.957331E+2	8.333497E+1	1.000000E-2	1.116404E-5	3.817353E+9
1.665037E+2	8.957066E+2	8.343804E+1	1.000000E-2	1.116437E-5	3.817353E+9
1.667579E+2	8.957419E+2	8.354151E+1	1.000000E-2	1.116393E-5	3.817353E+9
1.670048E+2	8.957483E+2	8.364483E+1	1.000000E-2	1.116385E-5	3.817353E+9
1.672374E+2	8.957114E+2	8.374807E+1	1.000000E-2	1.116431E-5	3.817353E+9
1.674963E+2	8.957323E+2	8.385288E+1	1.000000E-2	1.116405E-5	3.817353E+9
1.677392E+2	8.957419E+2	8.395866E+1	1.000000E-2	1.116393E-5	3.817353E+9
1.679811E+2	8.957090E+2	8.406527E+1	1.000000E-2	1.116434E-5	3.817353E+9
1.682245E+2	8.957098E+2	8.417112E+1	1.000000E-2	1.116433E-5	3.817353E+9
1.684643E+2	8.957299E+2	8.427772E+1	1.000000E-2	1.116408E-5	3.817353E+9
1.687062E+2	8.957411E+2	8.438570E+1	1.000000E-2	1.116394E-5	3.817353E+9
1.689393E+2	8.956424E+2	8.448807E+1	1.000000E-2	1.116517E-5	3.817353E+9
1.689539E+2	8.956312E+2	8.459238E+1	1.000000E-2	1.116531E-5	3.817353E+9
1.644195E+2	8.967371E+2	8.468845E+1	1.000000E-2	1.115154E-5	3.817353E+9
